3
1001
0.000000
0.000000
0.000000
0.019925
0.000009
0.000002
0.039147
0.000018
0.000006
0.018590
0.000009
0.000003
0.000046
0.000000
0.000000
0.021267
0.000010
0.000002
0.039055
0.000018
0.000007
0.017251
0.000008
0.000004
0.000183
0.000000
0.000001
0.022602
0.000010
0.000001
0.038870
0.000018
0.000008
0.015923
0.000007
0.000004
0.000412
0.000000
0.000002
0.023922
0.000011
0.000000
0.038593
0.000018
0.000009
0.014612
0.000007
0.000004
0.000732
0.000000
0.000003
0.025221
0.000011
0.000000
0.038227
0.000018
0.000012
0.013325
0.000006
0.000003
0.001139
0.000001
0.000005
0.026494
0.000012
0.000000
0.037773
0.000018
0.000015
0.012067
0.000006
0.000003
0.001634
0.000001
0.000006
0.027734
0.000012
0.000000
0.037232
0.000018
0.000018
0.010845
0.000005
0.000002
0.002213
0.000001
0.000007
0.028935
0.000013
0.000001
0.036608
0.000018
0.000023
0.009664
0.000004
0.000001
0.002874
0.000002
0.000007
0.030091
0.000013
0.000002
0.035903
0.000018
0.000028
0.008530
0.000004
0.000000
0.003614
0.000002
0.000007
0.031197
0.000013
0.000003
0.035122
0.000017
0.000035
0.007448
0.000003
0.000000
0.004428
0.000002
0.000007
0.032248
0.000014
0.000004
0.034267
0.000017
0.000041
0.006423
0.000003
0.000001
0.005314
0.000003
0.000006
0.033238
0.000014
0.000004
0.033343
0.000017
0.000048
0.005460
0.000002
0.000003
0.006267
0.000003
0.000004
0.034163
0.000015
0.000004
0.032354
0.000017
0.000056
0.004564
0.000002
0.000006
0.007283
0.000003
0.000003
0.035019
0.000015
0.000004
0.031306
0.000016
0.000062
0.003738
0.000001
0.000011
0.008357
0.000004
0.000001
0.035801
0.000015
0.000003
0.030202
0.000016
0.000069
0.002987
0.000001
0.000017
0.009483
0.000004
0.000000
0.036505
0.000016
0.000002
0.029049
0.000015
0.000074
0.002314
0.000001
0.000025
0.010657
0.000005
0.000000
0.037128
0.000016
0.000001
0.027851
0.000015
0.000077
0.001723
0.000000
0.000034
0.011873
0.000005
0.000001
0.037669
0.000017
0.000000
0.026615
0.000014
0.000079
0.001215
0.000000
0.000044
0.013124
0.000005
0.000004
0.038123
0.000017
0.000000
0.025346
0.000014
0.000078
0.000793
0.000000
0.000054
0.014406
0.000006
0.000008
0.038488
0.000017
0.000001
0.024050
0.000013
0.000075
0.000459
0.000000
0.000065
0.015711
0.000006
0.000014
0.038764
0.000018
0.000003
0.022734
0.000012
0.000070
0.000216
0.000000
0.000075
0.017034
0.000007
0.000022
0.038949
0.000018
0.000007
0.021404
0.000011
0.000063
0.000063
0.000000
0.000083
0.018368
0.000007
0.000032
0.039042
0.000019
0.000013
0.020065
0.000011
0.000054
0.000001
0.000000
0.000090
0.019707
0.000007
0.000042
0.039043
0.000019
0.000023
0.018724
0.000010
0.000044
0.000032
0.000000
0.000095
0.021044
0.000008
0.000054
0.038951
0.000019
0.000035
0.017388
0.000009
0.000033
0.000154
0.000000
0.000096
0.022373
0.000008
0.000066
0.038768
0.000020
0.000051
0.016063
0.000008
0.000022
0.000367
0.000001
0.000095
0.023688
0.000008
0.000078
0.038495
0.000020
0.000070
0.014754
0.000007
0.000013
0.000670
0.000001
0.000090
0.024981
0.000009
0.000088
0.038132
0.000020
0.000092
0.013469
0.000007
0.000005
0.001062
0.000001
0.000083
0.026248
0.000009
0.000097
0.037682
0.000020
0.000117
0.012212
0.000006
0.000001
0.001541
0.000001
0.000073
0.027482
0.000010
0.000103
0.037147
0.000020
0.000144
0.010991
0.000005
0.000000
0.002104
0.000002
0.000061
0.028676
0.000010
0.000106
0.036529
0.000020
0.000171
0.009809
0.000004
0.000004
0.002749
0.000002
0.000047
0.029826
0.000011
0.000106
0.035832
0.000020
0.000199
0.008674
0.000003
0.000013
0.003473
0.000002
0.000034
0.030926
0.000011
0.000102
0.035058
0.000020
0.000225
0.007590
0.000003
0.000026
0.004272
0.000002
0.000021
0.031971
0.000012
0.000094
0.034212
0.000020
0.000249
0.006562
0.000002
0.000045
0.005143
0.000003
0.000011
0.032955
0.000012
0.000083
0.033298
0.000020
0.000269
0.005595
0.000002
0.000069
0.006081
0.000003
0.000003
0.033875
0.000013
0.000070
0.032320
0.000019
0.000285
0.004693
0.000001
0.000097
0.007082
0.000003
0.000000
0.034725
0.000014
0.000055
0.031282
0.000019
0.000295
0.003861
0.000001
0.000129
0.008141
0.000003
0.000002
0.035503
0.000014
0.000040
0.030190
0.000018
0.000298
0.003101
0.000001
0.000162
0.009253
0.000004
0.000010
0.036204
0.000015
0.000025
0.029049
0.000018
0.000294
0.002419
0.000000
0.000196
0.010412
0.000004
0.000023
0.036825
0.000016
0.000013
0.027864
0.000017
0.000283
0.001817
0.000000
0.000228
0.011613
0.000004
0.000043
0.037364
0.000016
0.000004
0.026640
0.000016
0.000265
0.001297
0.000000
0.000258
0.012850
0.000004
0.000069
0.037817
0.000017
0.000000
0.025384
0.000015
0.000241
0.000862
0.000000
0.000284
0.014117
0.000004
0.000100
0.038184
0.000018
0.000003
0.024102
0.000015
0.000211
0.000514
0.000000
0.000304
0.015408
0.000005
0.000134
0.038461
0.000018
0.000013
0.022799
0.000014
0.000177
0.000255
0.000000
0.000316
0.016716
0.000005
0.000171
0.038650
0.000019
0.000032
0.021481
0.000013
0.000142
0.000085
0.000000
0.000321
0.018036
0.000005
0.000209
0.038747
0.000020
0.000059
0.020155
0.000012
0.000106
0.000006
0.000000
0.000316
0.019360
0.000005
0.000245
0.038754
0.000020
0.000095
0.018827
0.000010
0.000072
0.000018
0.000001
0.000303
0.020683
0.000006
0.000279
0.038670
0.000021
0.000139
0.017502
0.000009
0.000043
0.000121
0.000001
0.000282
0.021998
0.000006
0.000307
0.038495
0.000021
0.000191
0.016188
0.000008
0.000019
0.000315
0.000001
0.000253
0.023299
0.000007
0.000330
0.038232
0.000022
0.000249
0.014889
0.000007
0.000005
0.000598
0.000001
0.000218
0.024579
0.000007
0.000344
0.037880
0.000022
0.000310
0.013613
0.000006
0.000000
0.000969
0.000001
0.000180
0.025833
0.000007
0.000348
0.037443
0.000023
0.000373
0.012364
0.000005
0.000007
0.001426
0.000002
0.000140
0.027055
0.000008
0.000343
0.036922
0.000023
0.000436
0.011148
0.000004
0.000025
0.001968
0.000002
0.000100
0.028238
0.000008
0.000329
0.036319
0.000023
0.000495
0.009972
0.000003
0.000056
0.002591
0.000002
0.000064
0.029378
0.000009
0.000305
0.035638
0.000023
0.000547
0.008840
0.000003
0.000098
0.003293
0.000002
0.000034
0.030469
0.000010
0.000272
0.034883
0.000023
0.000591
0.007757
0.000002
0.000150
0.004070
0.000002
0.000012
0.031505
0.000010
0.000234
0.034056
0.000023
0.000624
0.006728
0.000001
0.000211
0.004918
0.000002
0.000001
0.032483
0.000011
0.000190
0.033161
0.000022
0.000643
0.005758
0.000001
0.000278
0.005834
0.000002
0.000002
0.033397
0.000012
0.000145
0.032204
0.000022
0.000648
0.004852
0.000001
0.000349
0.006812
0.000002
0.000016
0.034243
0.000013
0.000102
0.031188
0.000021
0.000638
0.004013
0.000000
0.000419
0.007848
0.000003
0.000044
0.035018
0.000014
0.000062
0.030118
0.000021
0.000612
0.003245
0.000000
0.000485
0.008937
0.000003
0.000085
0.035718
0.000015
0.000030
0.029000
0.000020
0.000572
0.002552
0.000000
0.000545
0.010073
0.000003
0.000138
0.036340
0.000016
0.000009
0.027838
0.000019
0.000520
0.001937
0.000000
0.000595
0.011251
0.000003
0.000201
0.036881
0.000017
0.000000
0.026638
0.000018
0.000456
0.001403
0.000000
0.000633
0.012466
0.000003
0.000272
0.037338
0.000018
0.000007
0.025406
0.000017
0.000385
0.000952
0.000000
0.000655
0.013710
0.000003
0.000347
0.037711
0.000019
0.000030
0.024147
0.000016
0.000310
0.000587
0.000000
0.000660
0.014979
0.000003
0.000423
0.037996
0.000020
0.000070
0.022866
0.000014
0.000236
0.000308
0.000000
0.000649
0.016266
0.000003
0.000497
0.038194
0.000021
0.000127
0.021571
0.000013
0.000165
0.000118
0.000001
0.000620
0.017565
0.000004
0.000564
0.038303
0.000022
0.000201
0.020266
0.000012
0.000102
0.000017
0.000001
0.000576
0.018869
0.000004
0.000622
0.038323
0.000022
0.000288
0.018957
0.000010
0.000052
0.000006
0.000001
0.000517
0.020173
0.000004
0.000666
0.038255
0.000023
0.000387
0.017651
0.000009
0.000017
0.000085
0.000001
0.000448
0.021469
0.000005
0.000694
0.038098
0.000024
0.000493
0.016353
0.000008
0.000001
0.000253
0.000001
0.000372
0.022752
0.000005
0.000704
0.037854
0.000025
0.000602
0.015069
0.000007
0.000005
0.000510
0.000001
0.000292
0.024016
0.000005
0.000696
0.037524
0.000025
0.000711
0.013806
0.000005
0.000030
0.000854
0.000001
0.000214
0.025255
0.000006
0.000669
0.037110
0.000026
0.000813
0.012567
0.000004
0.000077
0.001283
0.000001
0.000142
0.026463
0.000006
0.000624
0.036614
0.000026
0.000905
0.011360
0.000003
0.000144
0.001797
0.000002
0.000081
0.027634
0.000007
0.000564
0.036039
0.000026
0.000982
0.010190
0.000003
0.000228
0.002391
0.000002
0.000035
0.028763
0.000008
0.000490
0.035386
0.000026
0.001039
0.009061
0.000002
0.000327
0.003063
0.000002
0.000007
0.029844
0.000009
0.000408
0.034661
0.000026
0.001074
0.007979
0.000001
0.000436
0.003810
0.000002
0.000000
0.030873
0.000010
0.000322
0.033865
0.000026
0.001085
0.006949
0.000001
0.000550
0.004629
0.000002
0.000016
0.031845
0.000011
0.000237
0.033002
0.000025
0.001070
0.005976
0.000000
0.000664
0.005514
0.000002
0.000055
0.032756
0.000012
0.000158
0.032078
0.000024
0.001030
0.005063
0.000000
0.000773
0.006462
0.000002
0.000116
0.033601
0.000013
0.000090
0.031095
0.000023
0.000966
0.004215
0.000000
0.000871
0.007468
0.000002
0.000198
0.034377
0.000014
0.000039
0.030059
0.000022
0.000881
0.003436
0.000000
0.000953
0.008527
0.000002
0.000297
0.035080
0.000015
0.000008
0.028974
0.000021
0.000779
0.002730
0.000000
0.001015
0.009634
0.000002
0.000408
0.035708
0.000016
0.000001
0.027845
0.000020
0.000664
0.002099
0.000000
0.001053
0.010784
0.000002
0.000528
0.036258
0.000018
0.000020
0.026677
0.000019
0.000542
0.001547
0.000000
0.001064
0.011970
0.000002
0.000650
0.036727
0.000019
0.000066
0.025476
0.000017
0.000420
0.001076
0.000000
0.001049
0.013186
0.000002
0.000768
0.037113
0.000020
0.000139
0.024247
0.000016
0.000303
0.000688
0.000000
0.001007
0.014428
0.000002
0.000877
0.037416
0.000022
0.000238
0.022996
0.000014
0.000198
0.000385
0.000001
0.000939
0.015689
0.000002
0.000971
0.037633
0.000023
0.000358
0.021728
0.000012
0.000111
0.000169
0.000001
0.000850
0.016962
0.000002
0.001044
0.037764
0.000024
0.000497
0.020448
0.000011
0.000046
0.000041
0.000001
0.000743
0.018242
0.000003
0.001093
0.037810
0.000025
0.000648
0.019163
0.000009
0.000009
0.000000
0.000001
0.000624
0.019523
0.000003
0.001115
0.037769
0.000026
0.000806
0.017878
0.000008
0.000001
0.000048
0.000001
0.000500
0.020798
0.000003
0.001108
0.037642
0.000027
0.000964
0.016599
0.000007
0.000025
0.000184
0.000001
0.000376
0.022061
0.000004
0.001071
0.037431
0.000028
0.001114
0.015332
0.000006
0.000080
0.000407
0.000001
0.000261
0.023307
0.000004
0.001008
0.037135
0.000028
0.001250
0.014083
0.000004
0.000164
0.000717
0.000001
0.000160
0.024530
0.000005
0.000920
0.036757
0.000029
0.001365
0.012856
0.000003
0.000275
0.001112
0.000001
0.000080
0.025724
0.000006
0.000812
0.036299
0.000029
0.001454
0.011657
0.000003
0.000408
0.001590
0.000001
0.000025
0.026883
0.000007
0.000689
0.035762
0.000029
0.001513
0.010492
0.000002
0.000557
0.002148
0.000001
0.000001
0.028003
0.000007
0.000558
0.035150
0.000028
0.001537
0.009367
0.000001
0.000716
0.002784
0.000001
0.000009
0.029079
0.000008
0.000426
0.034466
0.000028
0.001526
0.008285
0.000001
0.000876
0.003495
0.000001
0.000051
0.030105
0.000010
0.000301
0.033711
0.000027
0.001479
0.007251
0.000000
0.001030
0.004277
0.000001
0.000124
0.031077
0.000011
0.000190
0.032891
0.000027
0.001398
0.006272
0.000000
0.001171
0.005126
0.000001
0.000228
0.031991
0.000012
0.000099
0.032008
0.000026
0.001287
0.005350
0.000000
0.001291
0.006038
0.000001
0.000357
0.032842
0.000013
0.000035
0.031067
0.000024
0.001150
0.004489
0.000000
0.001384
0.007008
0.000001
0.000506
0.033628
0.000015
0.000003
0.030072
0.000023
0.000994
0.003695
0.000000
0.001446
0.008032
0.000001
0.000668
0.034345
0.000016
0.000006
0.029028
0.000022
0.000827
0.002970
0.000000
0.001472
0.009104
0.000001
0.000835
0.034989
0.000018
0.000046
0.027938
0.000020
0.000656
0.002319
0.000000
0.001462
0.010219
0.000001
0.001000
0.035558
0.000019
0.000123
0.026809
0.000018
0.000489
0.001743
0.000000
0.001414
0.011371
0.000001
0.001153
0.036050
0.000021
0.000236
0.025645
0.000017
0.000336
0.001245
0.000000
0.001331
0.012556
0.000001
0.001288
0.036463
0.000023
0.000380
0.024451
0.000015
0.000205
0.000829
0.000001
0.001217
0.013767
0.000001
0.001397
0.036794
0.000024
0.000550
0.023233
0.000013
0.000101
0.000495
0.000001
0.001078
0.014999
0.000001
0.001474
0.037044
0.000025
0.000740
0.021996
0.000012
0.000032
0.000246
0.000001
0.000920
0.016245
0.000002
0.001516
0.037210
0.000027
0.000941
0.020745
0.000010
0.000001
0.000083
0.000001
0.000752
0.017500
0.000002
0.001519
0.037292
0.000028
0.001146
0.019486
0.000008
0.000011
0.000006
0.000001
0.000582
0.018757
0.000002
0.001484
0.037291
0.000029
0.001344
0.018224
0.000007
0.000063
0.000017
0.000001
0.000420
0.020012
0.000003
0.001411
0.037205
0.000030
0.001528
0.016965
0.000006
0.000154
0.000114
0.000001
0.000274
0.021258
0.000003
0.001305
0.037037
0.000030
0.001687
0.015715
0.000004
0.000281
0.000298
0.000001
0.000153
0.022489
0.000004
0.001169
0.036787
0.000031
0.001816
0.014479
0.000003
0.000439
0.000567
0.000001
0.000064
0.023700
0.000005
0.001011
0.036456
0.000031
0.001906
0.013263
0.000002
0.000620
0.000921
0.000001
0.000012
0.024886
0.000005
0.000839
0.036045
0.000031
0.001954
0.012071
0.000002
0.000817
0.001357
0.000001
0.000001
0.026041
0.000006
0.000662
0.035558
0.000031
0.001958
0.010909
0.000001
0.001019
0.001874
0.000000
0.000033
0.027159
0.000008
0.000490
0.034995
0.000030
0.001915
0.009782
0.000001
0.001216
0.002468
0.000000
0.000108
0.028237
0.000009
0.000331
0.034360
0.000029
0.001828
0.008695
0.000000
0.001401
0.003137
0.000000
0.000222
0.029268
0.000010
0.000196
0.033656
0.000028
0.001701
0.007654
0.000000
0.001561
0.003877
0.000000
0.000370
0.030250
0.000012
0.000091
0.032885
0.000027
0.001539
0.006663
0.000000
0.001691
0.004684
0.000000
0.000547
0.031177
0.000013
0.000024
0.032052
0.000026
0.001350
0.005725
0.000000
0.001783
0.005555
0.000000
0.000743
0.032045
0.000015
0.000000
0.031159
0.000025
0.001142
0.004847
0.000000
0.001831
0.006485
0.000000
0.000949
0.032851
0.000016
0.000022
0.030212
0.000023
0.000926
0.004031
0.000000
0.001834
0.007470
0.000000
0.001156
0.033590
0.000018
0.000090
0.029214
0.000021
0.000712
0.003281
0.000000
0.001790
0.008505
0.000000
0.001353
0.034262
0.000020
0.000203
0.028169
0.000019
0.000510
0.002602
0.000000
0.001702
0.009584
0.000000
0.001529
0.034861
0.000022
0.000357
0.027082
0.000017
0.000332
0.001996
0.000000
0.001573
0.010702
0.000000
0.001677
0.035386
0.000023
0.000547
0.025958
0.000016
0.000185
0.001465
0.000000
0.001411
0.011855
0.000001
0.001788
0.035835
0.000025
0.000764
0.024802
0.000014
0.000077
0.001014
0.000000
0.001222
0.013036
0.000001
0.001857
0.036206
0.000026
0.001000
0.023618
0.000012
0.000015
0.000643
0.000001
0.001018
0.014240
0.000001
0.001879
0.036498
0.000028
0.001243
0.022412
0.000010
0.000001
0.000356
0.000001
0.000807
0.015462
0.000001
0.001854
0.036709
0.000029
0.001483
0.021189
0.000009
0.000038
0.000152
0.000000
0.000602
0.016695
0.000001
0.001782
0.036838
0.000030
0.001709
0.019954
0.000007
0.000123
0.000033
0.000000
0.000414
0.017934
0.000002
0.001666
0.036886
0.000031
0.001910
0.018713
0.000006
0.000253
0.000001
0.000000
0.000251
0.019173
0.000002
0.001513
0.036852
0.000032
0.002077
0.017472
0.000004
0.000421
0.000054
0.000000
0.000124
0.020406
0.000003
0.001330
0.036737
0.000032
0.002201
0.016234
0.000003
0.000621
0.000193
0.000000
0.000039
0.021629
0.000004
0.001126
0.036541
0.000033
0.002276
0.015007
0.000003
0.000842
0.000417
0.000000
0.000002
0.022835
0.000005
0.000911
0.036266
0.000033
0.002299
0.013796
0.000002
0.001074
0.000724
0.000000
0.000014
0.024019
0.000006
0.000697
0.035912
0.000032
0.002268
0.012605
0.000001
0.001304
0.001115
0.000000
0.000078
0.025176
0.000007
0.000495
0.035481
0.000032
0.002184
0.011440
0.000001
0.001522
0.001585
0.000000
0.000188
0.026300
0.000008
0.000317
0.034975
0.000031
0.002052
0.010307
0.000000
0.001717
0.002133
0.000000
0.000342
0.027388
0.000010
0.000171
0.034397
0.000030
0.001876
0.009210
0.000000
0.001879
0.002757
0.000000
0.000532
0.028433
0.000011
0.000066
0.033748
0.000028
0.001666
0.008154
0.000000
0.002000
0.003453
0.000000
0.000747
0.029432
0.000013
0.000009
0.033032
0.000027
0.001431
0.007145
0.000000
0.002072
0.004217
0.000000
0.000979
0.030380
0.000015
0.000004
0.032252
0.000025
0.001182
0.006187
0.000000
0.002094
0.005046
0.000000
0.001215
0.031273
0.000016
0.000053
0.031412
0.000024
0.000931
0.005284
0.000000
0.002062
0.005935
0.000000
0.001444
0.032108
0.000018
0.000153
0.030514
0.000022
0.000691
0.004440
0.000000
0.001980
0.006881
0.000000
0.001653
0.032881
0.000020
0.000303
0.029562
0.000020
0.000473
0.003661
0.000000
0.001850
0.007879
0.000000
0.001834
0.033588
0.000022
0.000494
0.028562
0.000018
0.000287
0.002948
0.000000
0.001679
0.008923
0.000000
0.001975
0.034227
0.000024
0.000721
0.027516
0.000016
0.000142
0.002306
0.000000
0.001476
0.010009
0.000000
0.002071
0.034796
0.000026
0.000971
0.026430
0.000014
0.000046
0.001738
0.000000
0.001250
0.011131
0.000000
0.002115
0.035292
0.000027
0.001235
0.025309
0.000012
0.000002
0.001246
0.000000
0.001014
0.012285
0.000000
0.002106
0.035712
0.000029
0.001499
0.024156
0.000010
0.000014
0.000834
0.000000
0.000779
0.013465
0.000001
0.002044
0.036055
0.000030
0.001752
0.022978
0.000009
0.000079
0.000502
0.000000
0.000558
0.014665
0.000001
0.001932
0.036320
0.000031
0.001982
0.021779
0.000007
0.000196
0.000253
0.000000
0.000362
0.015880
0.000001
0.001776
0.036506
0.000032
0.002178
0.020564
0.000006
0.000358
0.000088
0.000000
0.000201
0.017105
0.000002
0.001583
0.036612
0.000033
0.002330
0.019339
0.000005
0.000556
0.000008
0.000000
0.000083
0.018333
0.000002
0.001363
0.036638
0.000033
0.002432
0.018110
0.000004
0.000782
0.000013
0.000000
0.000016
0.019560
0.000003
0.001127
0.036583
0.000033
0.002478
0.016881
0.000003
0.001024
0.000104
0.000000
0.000002
0.020779
0.000004
0.000887
0.036448
0.000033
0.002467
0.015658
0.000002
0.001270
0.000279
0.000000
0.000043
0.021987
0.000005
0.000656
0.036233
0.000033
0.002399
0.014446
0.000001
0.001507
0.000539
0.000000
0.000136
0.023176
0.000006
0.000446
0.035940
0.000032
0.002276
0.013251
0.000001
0.001724
0.000880
0.000000
0.000279
0.024343
0.000008
0.000266
0.035569
0.000031
0.002105
0.012079
0.000001
0.001910
0.001303
0.000000
0.000462
0.025482
0.000009
0.000128
0.035123
0.000030
0.001894
0.010933
0.000000
0.002055
0.001804
0.000000
0.000678
0.026588
0.000011
0.000038
0.034602
0.000029
0.001652
0.009821
0.000000
0.002153
0.002382
0.000000
0.000915
0.027656
0.000013
0.000001
0.034010
0.000027
0.001391
0.008746
0.000000
0.002198
0.003033
0.000000
0.001162
0.028682
0.000015
0.000020
0.033349
0.000026
0.001124
0.007713
0.000000
0.002187
0.003753
0.000000
0.001406
0.029661
0.000016
0.000095
0.032621
0.000024
0.000861
0.006728
0.000000
0.002122
0.004541
0.000000
0.001634
0.030589
0.000018
0.000223
0.031831
0.000022
0.000617
0.005795
0.000000
0.002006
0.005390
0.000000
0.001836
0.031463
0.000020
0.000398
0.030980
0.000020
0.000402
0.004919
0.000000
0.001844
0.006298
0.000000
0.002000
0.032278
0.000022
0.000613
0.030074
0.000018
0.000226
0.004103
0.000000
0.001645
0.007260
0.000000
0.002120
0.033032
0.000024
0.000857
0.029115
0.000016
0.000097
0.003352
0.000000
0.001418
0.008272
0.000000
0.002188
0.033720
0.000026
0.001121
0.028108
0.000014
0.000021
0.002670
0.000000
0.001175
0.009328
0.000000
0.002201
0.034340
0.000027
0.001390
0.027056
0.000012
0.000001
0.002059
0.000000
0.000928
0.010424
0.000000
0.002160
0.034890
0.000029
0.001653
0.025966
0.000011
0.000036
0.001523
0.000000
0.000689
0.011555
0.000000
0.002065
0.035366
0.000030
0.001898
0.024841
0.000009
0.000126
0.001064
0.000000
0.000472
0.012716
0.000001
0.001922
0.035768
0.000031
0.002113
0.023686
0.000008
0.000265
0.000685
0.000000
0.000286
0.013900
0.000001
0.001738
0.036092
0.000032
0.002288
0.022506
0.000006
0.000445
0.000388
0.000000
0.000141
0.015104
0.000001
0.001522
0.036339
0.000033
0.002414
0.021306
0.000005
0.000658
0.000174
0.000000
0.000045
0.016321
0.000002
0.001285
0.036506
0.000033
0.002487
0.020092
0.000004
0.000892
0.000044
0.000000
0.000002
0.017547
0.000003
0.001038
0.036594
0.000033
0.002502
0.018869
0.000003
0.001135
0.000000
0.000000
0.000014
0.018775
0.000004
0.000795
0.036601
0.000033
0.002458
0.017642
0.000002
0.001375
0.000041
0.000000
0.000081
0.020000
0.000005
0.000567
0.036528
0.000033
0.002359
0.016416
0.000002
0.001600
0.000167
0.000000
0.000198
0.021218
0.000006
0.000366
0.036375
0.000032
0.002208
0.015198
0.000001
0.001798
0.000377
0.000000
0.000360
0.022422
0.000007
0.000202
0.036142
0.000031
0.002013
0.013992
0.000001
0.001960
0.000670
0.000000
0.000559
0.023608
0.000009
0.000083
0.035831
0.000030
0.001782
0.012804
0.000001
0.002077
0.001046
0.000000
0.000783
0.024769
0.000011
0.000015
0.035443
0.000029
0.001528
0.011640
0.000000
0.002144
0.001501
0.000000
0.001022
0.025902
0.000012
0.000002
0.034979
0.000027
0.001261
0.010505
0.000000
0.002156
0.002033
0.000000
0.001263
0.027001
0.000014
0.000045
0.034442
0.000026
0.000994
0.009404
0.000000
0.002115
0.002641
0.000000
0.001494
0.028062
0.000016
0.000141
0.033833
0.000024
0.000739
0.008342
0.000000
0.002021
0.003321
0.000000
0.001703
0.029080
0.000018
0.000288
0.033155
0.000022
0.000509
0.007325
0.000000
0.001880
0.004069
0.000000
0.001880
0.030050
0.000020
0.000476
0.032410
0.000020
0.000313
0.006357
0.000000
0.001699
0.004883
0.000000
0.002016
0.030969
0.000022
0.000699
0.031603
0.000018
0.000159
0.005442
0.000000
0.001486
0.005758
0.000000
0.002104
0.031832
0.000024
0.000944
0.030737
0.000016
0.000055
0.004587
0.000000
0.001254
0.006689
0.000000
0.002139
0.032635
0.000026
0.001201
0.029814
0.000014
0.000005
0.003794
0.000000
0.001013
0.007674
0.000000
0.002121
0.033376
0.000027
0.001457
0.028839
0.000013
0.000009
0.003067
0.000000
0.000776
0.008707
0.000000
0.002050
0.034052
0.000029
0.001700
0.027816
0.000011
0.000066
0.002411
0.000000
0.000554
0.009783
0.000000
0.001931
0.034658
0.000030
0.001918
0.026749
0.000009
0.000173
0.001829
0.000000
0.000359
0.010898
0.000000
0.001768
0.035193
0.000031
0.002101
0.025643
0.000008
0.000323
0.001323
0.000000
0.000199
0.012046
0.000001
0.001570
0.035654
0.000032
0.002241
0.024503
0.000007
0.000506
0.000896
0.000000
0.000083
0.013222
0.000001
0.001348
0.036039
0.000033
0.002331
0.023334
0.000005
0.000715
0.000550
0.000000
0.000016
0.014422
0.000002
0.001113
0.036347
0.000033
0.002367
0.022141
0.000004
0.000937
0.000287
0.000000
0.000001
0.015639
0.000003
0.000875
0.036576
0.000033
0.002347
0.020929
0.000003
0.001160
0.000108
0.000000
0.000038
0.016869
0.000004
0.000648
0.036725
0.000033
0.002274
0.019703
0.000003
0.001373
0.000015
0.000000
0.000124
0.018105
0.000005
0.000441
0.036793
0.000032
0.002149
0.018469
0.000002
0.001566
0.000007
0.000000
0.000254
0.019343
0.000006
0.000266
0.036780
0.000032
0.001980
0.017234
0.000002
0.001728
0.000085
0.000000
0.000422
0.020577
0.000007
0.000131
0.036686
0.000031
0.001775
0.016001
0.000001
0.001851
0.000248
0.000000
0.000617
0.021801
0.000009
0.000041
0.036511
0.000029
0.001543
0.014778
0.000001
0.001929
0.000496
0.000000
0.000830
0.023011
0.000010
0.000002
0.036256
0.000028
0.001296
0.013569
0.000001
0.001959
0.000827
0.000000
0.001049
0.024200
0.000012
0.000014
0.035921
0.000027
0.001044
0.012380
0.000000
0.001939
0.001239
0.000000
0.001264
0.025365
0.000014
0.000077
0.035508
0.000025
0.000800
0.011217
0.000000
0.001871
0.001731
0.000000
0.001462
0.026499
0.000016
0.000188
0.035018
0.000023
0.000574
0.010086
0.000000
0.001758
0.002301
0.000000
0.001634
0.027598
0.000018
0.000340
0.034454
0.000022
0.000376
0.008991
0.000000
0.001607
0.002944
0.000000
0.001771
0.028658
0.000020
0.000526
0.033817
0.000020
0.000214
0.007938
0.000000
0.001424
0.003659
0.000000
0.001866
0.029673
0.000022
0.000736
0.033111
0.000018
0.000096
0.006933
0.000000
0.001220
0.004441
0.000000
0.001916
0.030639
0.000023
0.000960
0.032338
0.000016
0.000023
0.005979
0.000000
0.001005
0.005288
0.000000
0.001917
0.031552
0.000025
0.001187
0.031501
0.000014
0.000000
0.005082
0.000000
0.000789
0.006195
0.000000
0.001870
0.032408
0.000027
0.001407
0.030604
0.000013
0.000025
0.004246
0.000000
0.000583
0.007159
0.000000
0.001778
0.033203
0.000028
0.001607
0.029652
0.000011
0.000094
0.003476
0.000000
0.000396
0.008174
0.000000
0.001645
0.033934
0.000029
0.001780
0.028647
0.000010
0.000204
0.002775
0.000000
0.000239
0.009236
0.000000
0.001479
0.034597
0.000030
0.001917
0.027595
0.000008
0.000347
0.002146
0.000000
0.000118
0.010340
0.000001
0.001287
0.035190
0.000031
0.002012
0.026500
0.000007
0.000515
0.001594
0.000000
0.000038
0.011481
0.000001
0.001080
0.035709
0.000031
0.002060
0.025366
0.000006
0.000698
0.001120
0.000000
0.000002
0.012655
0.000002
0.000869
0.036153
0.000031
0.002060
0.024200
0.000005
0.000887
0.000727
0.000000
0.000011
0.013856
0.000003
0.000662
0.036519
0.000031
0.002013
0.023005
0.000004
0.001070
0.000418
0.000001
0.000065
0.015078
0.000003
0.000470
0.036805
0.000031
0.001920
0.021788
0.000004
0.001240
0.000193
0.000001
0.000158
0.016316
0.000005
0.000303
0.037010
0.000031
0.001788
0.020554
0.000003
0.001386
0.000053
0.000001
0.000285
0.017566
0.000006
0.000167
0.037133
0.000030
0.001621
0.019309
0.000002
0.001503
0.000001
0.000001
0.000439
0.018821
0.000007
0.000069
0.037173
0.000029
0.001429
0.018057
0.000002
0.001583
0.000034
0.000001
0.000612
0.020075
0.000009
0.000013
0.037131
0.000028
0.001220
0.016806
0.000002
0.001624
0.000155
0.000001
0.000793
0.021325
0.000010
0.000001
0.037005
0.000027
0.001004
0.015561
0.000001
0.001623
0.000361
0.000001
0.000974
0.022563
0.000012
0.000032
0.036796
0.000026
0.000790
0.014327
0.000001
0.001582
0.000652
0.000001
0.001144
0.023784
0.000014
0.000105
0.036505
0.000024
0.000589
0.013111
0.000001
0.001502
0.001027
0.000001
0.001295
0.024984
0.000015
0.000214
0.036133
0.000023
0.000407
0.011918
0.000001
0.001388
0.001483
0.000000
0.001420
0.026156
0.000017
0.000354
0.035681
0.000021
0.000253
0.010754
0.000001
0.001245
0.002019
0.000000
0.001511
0.027297
0.000019
0.000517
0.035152
0.000019
0.000133
0.009624
0.000001
0.001082
0.002632
0.000000
0.001566
0.028400
0.000021
0.000696
0.034547
0.000018
0.000050
0.008535
0.000001
0.000907
0.003318
0.000000
0.001581
0.029461
0.000022
0.000880
0.033869
0.000016
0.000007
0.007491
0.000001
0.000728
0.004075
0.000000
0.001556
0.030474
0.000024
0.001061
0.033120
0.000015
0.000003
0.006498
0.000001
0.000553
0.004900
0.000000
0.001493
0.031436
0.000025
0.001230
0.032305
0.000013
0.000038
0.005560
0.000001
0.000392
0.005788
0.000000
0.001396
0.032343
0.000026
0.001379
0.031426
0.000012
0.000107
0.004683
0.000001
0.000252
0.006736
0.000000
0.001269
0.033189
0.000027
0.001502
0.030488
0.000010
0.000205
0.003870
0.000001
0.000139
0.007739
0.000000
0.001119
0.033972
0.000028
0.001591
0.029493
0.000009
0.000326
0.003126
0.000001
0.000058
0.008792
0.000001
0.000954
0.034687
0.000029
0.001645
0.028448
0.000008
0.000463
0.002454
0.000001
0.000011
0.009892
0.000001
0.000782
0.035332
0.000029
0.001661
0.027356
0.000007
0.000607
0.001858
0.000001
0.000001
0.011032
0.000002
0.000611
0.035903
0.000029
0.001637
0.026222
0.000006
0.000751
0.001341
0.000001
0.000026
0.012209
0.000003
0.000450
0.036397
0.000029
0.001577
0.000000
0.000000
0.000000
